
Begin Nodes
    0   0   9.144   0.551
    1   0   18.288   0
    2   0   27.432   0.551
    3   7.919   4.572   0
    4   7.919   13.716   1.642
    5   7.919   22.860   1.642
    6   7.919   32.004   0
    7   15.838   0   0
    8   15.838   9.144   1.642
    9   15.838   18.288   2.182
    10   15.838   27.432   1.642
    11   15.838   36.576   0
    12   23.757   4.572   0
    13   23.757   13.716   1.642
    14   23.757   22.860   1.642
    15   23.757   32.004   0
    16   31.676   9.144   0.551
    17   31.676   18.288   0
    18   31.676   27.432   0.551
End Nodes


Begin Elements
0       2       5
1       1       5
2       1       4
3       0       4
4       5       6
5       4       5
6       4       3
7       6       10
8       5       10
9       5       9
10       4       9
11       4       8
12       3       8
13       10       11
14       9       10
15       8       9
16       7       8
17       10       15
18       10       14
19       9       14
20       9       13
21       8       13
22       8       12
23       14       15
24       13       14
25       12       13
26       14       18
27       14       17
28       13       17
29       13       16
End Elements
